
target ratio:  1.494 , base:  20

configuration, posThreshold1:  0.4  posThreshold2:  0.6

splitting point:,  [0.0, 0.05, 0.1, 0.15, 0.2, 0.3, 0.35, 0.38, 0.39, 0.4, 0.41, 0.42, 0.43, 0.44, 0.45, 0.5, 0.55, 0.58, 0.6, 0.62, 0.65, 0.7, 0.75, 0.8, 0.9, 0.95, 0.96, 0.98, 0.99, 1.0]

The optimal value is 69983.49927306907
A solution x of x >= 1 is
21886 [37, 37, 37, 0.45, 0.45, 0.45, 0.3525, 0.04999999999999993, 0.04999999999999993, 0.04999999999999993, 0.2475, 0.2475, 0.2475, 0.06818181818181812, 0.0, -1111.0, 0.4, 0.45, 0.4, 0.45, 0.4, 0.45, 0.32499999999999996, 0.3525, -2222.0, -0.0257142857142858] 858018.0545822589
23288 [37, 38, 159, 0.45, 0.5, 1.0, 0.0010000000000000009, -0.274, 0.0010000000000000009, 0.0010000000000000009, 0.2475, 0.25, 0.0, 0.12121212121212133, 1.0, -1111.0, 0.45, 0.5, 0.5, 0.55, 0.99, 1.0, 0.0, 0.0010000000000000009, -2222.0, -0.1166666666666667] 84184.35448619857
23287 [37, 38, 159, 0.45, 0.5, 1.0, 0.0, -0.275, 0.0, 0.0, 0.2475, 0.25, 0.0, 0.12121212121212133, 1.0, -1111.0, 0.45, 0.5, 0.5, 0.55, 0.99, 1.0, 0.0, 0.0010000000000000009, -2222.0, -0.1166666666666667] 22288.230310173978
22983 [38, 38, 38, 0.5, 0.5, 0.5, 0.28, 0.030000000000000027, 0.030000000000000027, 0.030000000000000027, 0.25, 0.25, 0.25, -0.07772727272727264, 0.0, -1111.0, 0.45, 0.5, 0.45, 0.5, 0.45, 0.5, 0.25, 0.28, -2222.0, -0.09543103448275847] 18473.75468685571
26423 [159, 159, 159, 1.0, 1.0, 1.0, 0.010000000000000009, 0.010000000000000009, 0.010000000000000009, 0.010000000000000009, 0.0, 0.0, 0.0, 0.0, 0.0, -1111.0, 0.99, 1.0, 0.99, 1.0, 0.99, 1.0, 0.0, 0.010000000000000009, -2222.0, 0.0] 17045.276397981143
--- 614.9690625667572 seconds ---

target ratio:  1.494 , base:  20

configuration, posThreshold1:  0.4  posThreshold2:  0.6

splitting point:,  [0.0, 0.05, 0.1, 0.15, 0.2, 0.3, 0.35, 0.38, 0.39, 0.4, 0.41, 0.42, 0.43, 0.44, 0.45, 0.5, 0.55, 0.58, 0.6, 0.62, 0.65, 0.7, 0.75, 0.8, 0.9, 0.95, 0.96, 0.98, 0.99, 1.0]

The optimal value is 208169.52203560132
A solution x of x >= 1 is
16211 [30, 30, 30, 0.4, 0.4, 0.4, 0.4124999999999999, 0.052499999999999936, 0.052499999999999936, 0.052499999999999936, 0.24, 0.24, 0.24, 0.20818181818181913, 0.0, -1111.0, 0.35, 0.4, 0.35, 0.4, 0.35, 0.4, 0.3999999999999999, 0.4124999999999999, -2222.0, 0.033055555555555616] 515106.43291560607
16209 [30, 30, 30, 0.4, 0.4, 0.4, 0.3999999999999999, 0.039999999999999925, 0.039999999999999925, 0.039999999999999925, 0.24, 0.24, 0.24, 0.20818181818181913, 0.0, -1111.0, 0.35, 0.4, 0.35, 0.4, 0.35, 0.4, 0.3999999999999999, 0.4124999999999999, -2222.0, 0.033055555555555616] 480561.05200319825
14369 [24, 30, 30, 0.35, 0.4, 0.4, 0.3999999999999999, 0.009999999999999898, 0.009999999999999898, 0.039999999999999925, 0.22749999999999998, 0.24, 0.24, 0.20818181818181913, 0.0, -1111.0, 0.35, 0.4, 0.35, 0.4, 0.35, 0.4, 0.3999999999999999, 0.4124999999999999, -2222.0, 0.033055555555555616] 4302.796833301907
--- 286.6643633842468 seconds ---

target ratio:  1.45 , base:  20

configuration, posThreshold1:  0.3333333333333333  posThreshold2:  1.1

splitting point:,  [0.0, 0.05, 0.1, 0.15, 0.2, 0.3, 0.32, 0.33, 0.3333333333333333, 0.34, 0.35, 0.4, 0.45, 0.47, 0.49, 0.5, 0.51, 0.53, 0.55, 0.6, 0.65, 0.7, 0.75, 0.8, 0.9, 0.95, 0.96, 0.98, 0.99, 1.0]

The optimal value is 208169.52203560132
A solution x of x >= 1 is
16211 [30, 30, 30, 0.4, 0.4, 0.4, 0.4124999999999999, 0.052499999999999936, 0.052499999999999936, 0.052499999999999936, 0.24, 0.24, 0.24, 0.20818181818181913, 0.0, -1111.0, 0.35, 0.4, 0.35, 0.4, 0.35, 0.4, 0.3999999999999999, 0.4124999999999999, -2222.0, 0.033055555555555616] 515106.43291560607
16209 [30, 30, 30, 0.4, 0.4, 0.4, 0.3999999999999999, 0.039999999999999925, 0.039999999999999925, 0.039999999999999925, 0.24, 0.24, 0.24, 0.20818181818181913, 0.0, -1111.0, 0.35, 0.4, 0.35, 0.4, 0.35, 0.4, 0.3999999999999999, 0.4124999999999999, -2222.0, 0.033055555555555616] 480561.05200319825
14369 [24, 30, 30, 0.35, 0.4, 0.4, 0.3999999999999999, 0.009999999999999898, 0.009999999999999898, 0.039999999999999925, 0.22749999999999998, 0.24, 0.24, 0.20818181818181913, 0.0, -1111.0, 0.35, 0.4, 0.35, 0.4, 0.35, 0.4, 0.3999999999999999, 0.4124999999999999, -2222.0, 0.033055555555555616] 4302.796833301907
--- 485.8561863899231 seconds ---

target ratio:  1.45 , base:  20

configuration, posThreshold1:  0.3333333333333333  posThreshold2:  1.1

splitting point:,  [0.0, 0.05, 0.1, 0.15, 0.2, 0.3, 0.32, 0.33, 0.3333333333333333, 0.34, 0.35, 0.38, 0.4, 0.42, 0.44, 0.45, 0.46, 0.48, 0.5, 0.52, 0.54, 0.55, 0.6, 0.65, 0.7, 0.75, 0.8, 0.9, 0.95, 0.96, 0.98, 0.99, 1.0]

The optimal value is 71240.14714996032
A solution x of x >= 1 is
17795 [24, 24, 24, 0.35, 0.35, 0.35, 0.44099999999999995, 0.018499999999999905, 0.018499999999999905, 0.018499999999999905, 0.22749999999999998, 0.22749999999999998, 0.22749999999999998, 0.071242424242425, 0.0, -1111.0, 0.35, 0.38, 0.35, 0.38, 0.35, 0.38, 0.42999999999999994, 0.44099999999999995, -2222.0, 0.033055555555555616] 358652.48592548753
20849 [30, 30, 30, 0.38, 0.38, 0.38, 0.44099999999999995, 0.05659999999999993, 0.05659999999999993, 0.05659999999999993, 0.2356, 0.2356, 0.2356, 0.071242424242425, 0.0, -1111.0, 0.35, 0.38, 0.35, 0.38, 0.35, 0.38, 0.42999999999999994, 0.44099999999999995, -2222.0, 0.033055555555555616] 192420.3125201931
20846 [30, 30, 30, 0.38, 0.38, 0.38, 0.42999999999999994, 0.04559999999999992, 0.04559999999999992, 0.04559999999999992, 0.2356, 0.2356, 0.2356, 0.071242424242425, 0.0, -1111.0, 0.35, 0.38, 0.35, 0.38, 0.35, 0.38, 0.42999999999999994, 0.44099999999999995, -2222.0, 0.033055555555555616] 144135.24976158532
17819 [24, 24, 30, 0.35, 0.35, 0.38, 0.44099999999999995, 0.018499999999999905, 0.03799999999999992, 0.03799999999999992, 0.22749999999999998, 0.22749999999999998, 0.2356, 0.071242424242425, 0.0, -1111.0, 0.35, 0.38, 0.35, 0.38, 0.35, 0.38, 0.42999999999999994, 0.44099999999999995, -2222.0, 0.033055555555555616] 123440.26145264937
18186 [24, 30, 30, 0.35, 0.38, 0.38, 0.42999999999999994, 0.026999999999999913, 0.026999999999999913, 0.04559999999999992, 0.22749999999999998, 0.2356, 0.2356, 0.071242424242425, 0.0, -1111.0, 0.35, 0.38, 0.35, 0.38, 0.35, 0.38, 0.42999999999999994, 0.44099999999999995, -2222.0, 0.033055555555555616] 115904.76862884154
17794 [24, 24, 24, 0.35, 0.35, 0.35, 0.42999999999999994, 0.007499999999999896, 0.007499999999999896, 0.007499999999999896, 0.22749999999999998, 0.22749999999999998, 0.22749999999999998, 0.071242424242425, 0.0, -1111.0, 0.35, 0.38, 0.35, 0.38, 0.35, 0.38, 0.42999999999999994, 0.44099999999999995, -2222.0, 0.033055555555555616] 48661.88732950888
17817 [24, 24, 30, 0.35, 0.35, 0.38, 0.42999999999999994, 0.007499999999999896, 0.026999999999999913, 0.026999999999999913, 0.22749999999999998, 0.22749999999999998, 0.2356, 0.071242424242425, 0.0, -1111.0, 0.35, 0.38, 0.35, 0.38, 0.35, 0.38, 0.42999999999999994, 0.44099999999999995, -2222.0, 0.033055555555555616] 16781.497675422957
--- 1351.69185090065 seconds ---

target ratio:  1.45 , base:  20

configuration, posThreshold1:  0.3333333333333333  posThreshold2:  1.1

splitting point:,  [0.0, 0.05, 0.1, 0.15, 0.2, 0.3, 0.32, 0.33, 0.3333333333333333, 0.34, 0.35, 0.36, 0.38, 0.4, 0.42, 0.44, 0.45, 0.46, 0.48, 0.5, 0.52, 0.54, 0.55, 0.6, 0.65, 0.7, 0.75, 0.8, 0.9, 0.95, 0.96, 0.98, 0.99, 1.0]

The optimal value is 257.7408167402686
A solution x of x >= 1 is
1251 [0, 67, 67, 0.0, 0.99, 0.99, 0.010000000000000009, 0.0, 0.0, 0.00990000000000001, 0.0, 0.00990000000000002, 0.00990000000000002, 0.0003464323088750512, 4.0, -1111.0, 0.0, 0.05, 0.98, 0.99, 0.99, 1.0, 0.0, 0.010000000000000009, -2222.0, 0.013263220866235936] 238793.4700617423
1254 [1, 67, 67, 0.05, 0.99, 0.99, 0.010000000000000009, 0.0005000000000000004, 0.0005000000000000004, 0.00990000000000001, 0.0475, 0.00990000000000002, 0.00990000000000002, 0.0003464323088750512, 4.0, -1111.0, 0.0, 0.05, 0.98, 0.99, 0.99, 1.0, 0.0, 0.010000000000000009, -2222.0, 0.013263220866235936] 177881.8092487538
1260 [1, 67, 165, 0.05, 0.99, 1.0, 0.0, -0.009500000000000008, 0.0, 0.0, 0.0475, 0.00990000000000002, 0.0, 0.0003464323088750512, 4.0, -1111.0, 0.0, 0.05, 0.98, 0.99, 0.99, 1.0, 0.0, 0.010000000000000009, -2222.0, 0.013263220866235936] 177479.13659737795
1261 [1, 67, 165, 0.05, 0.99, 1.0, 0.010000000000000009, 0.0005000000000000004, 0.010000000000000009, 0.010000000000000009, 0.0475, 0.00990000000000002, 0.0, 0.0003464323088750512, 4.0, -1111.0, 0.0, 0.05, 0.98, 0.99, 0.99, 1.0, 0.0, 0.010000000000000009, -2222.0, 0.013263220866235936] 75683.5080853374
1262 [0, 165, 165, 0.0, 1.0, 1.0, 0.0, 0.0, 0.0, 0.0, 0.0, 0.0, 0.0, 0.0003103969080325425, 4.0, -1111.0, 0.0, 0.05, 0.99, 1.0, 0.99, 1.0, 0.0, 0.010000000000000009, -2222.0, 0.022738095238095238] 39210.890013307246
1253 [1, 67, 67, 0.05, 0.99, 0.99, 0.0, -0.009500000000000008, -0.009500000000000008, -0.00010000000000000018, 0.0475, 0.00990000000000002, 0.00990000000000002, 0.0003464323088750512, 4.0, -1111.0, 0.0, 0.05, 0.98, 0.99, 0.99, 1.0, 0.0, 0.010000000000000009, -2222.0, 0.013263220866235936] 30981.418595916188
1237 [1, 65, 67, 0.05, 0.98, 0.99, 0.0, -0.019000000000000017, -0.009500000000000008, -0.00020000000000000036, 0.0475, 0.019600000000000062, 0.00990000000000002, 0.0003464323088750512, 4.0, -1111.0, 0.0, 0.05, 0.98, 0.99, 0.99, 1.0, 0.0, 0.010000000000000009, -2222.0, 0.013263220866235936] 3516.7926020170444
1248 [1, 65, 165, 0.05, 0.98, 1.0, 0.0, -0.019000000000000017, 0.0, 0.0, 0.0475, 0.019600000000000062, 0.0, 0.0003464323088750512, 4.0, -1111.0, 0.0, 0.05, 0.98, 0.99, 0.99, 1.0, 0.0, 0.010000000000000009, -2222.0, 0.013263220866235936] 1948.4564013452775
1265 [1, 165, 165, 0.05, 1.0, 1.0, 0.010000000000000009, 0.010000000000000009, 0.010000000000000009, 0.010000000000000009, 0.0475, 0.0, 0.0, 0.0003103969080325425, 4.0, -1111.0, 0.0, 0.05, 0.99, 1.0, 0.99, 1.0, 0.0, 0.010000000000000009, -2222.0, 0.022738095238095238] 1773.1498623361415
1238 [1, 65, 67, 0.05, 0.98, 0.99, 0.010000000000000009, -0.009000000000000008, 0.0005000000000000004, 0.009800000000000008, 0.0475, 0.019600000000000062, 0.00990000000000002, 0.0003464323088750512, 4.0, -1111.0, 0.0, 0.05, 0.98, 0.99, 0.99, 1.0, 0.0, 0.010000000000000009, -2222.0, 0.013263220866235936] 1759.2755178563696
1249 [1, 65, 165, 0.05, 0.98, 1.0, 0.010000000000000009, -0.009000000000000008, 0.010000000000000009, 0.010000000000000009, 0.0475, 0.019600000000000062, 0.0, 0.0003464323088750512, 4.0, -1111.0, 0.0, 0.05, 0.98, 0.99, 0.99, 1.0, 0.0, 0.010000000000000009, -2222.0, 0.013263220866235936] 783.3132504894966
11 [1, 1, 1, 0.05, 0.05, 0.05, 1.0, 0.09750000000000003, 0.09750000000000003, 0.09750000000000003, 0.0475, 0.0475, 0.0475, 0.0, 0.0, -1111.0, 0.0, 0.05, 0.0, 0.05, 0.0, 0.05, 0.925, 1.0, -2222.0, 0.06821428571428567] 64726.19097233583
6 [0, 1, 1, 0.0, 0.05, 0.05, 0.925, -0.02499999999999991, -0.02499999999999991, 0.022500000000000075, 0.0, 0.0475, 0.0475, 0.0, 0.0, -1111.0, 0.0, 0.05, 0.0, 0.05, 0.0, 0.05, 0.925, 1.0, -2222.0, 0.06821428571428567] 59397.28692413704
1 [0, 0, 0, 0.0, 0.0, 0.0, 1.0, 0.0, 0.0, 0.0, 0.0, 0.0, 0.0, 0.0, 0.0, -1111.0, 0.0, 0.05, 0.0, 0.05, 0.0, 0.05, 0.925, 1.0, -2222.0, 0.06821428571428567] 56811.46245828782
10 [1, 1, 1, 0.05, 0.05, 0.05, 0.925, 0.022500000000000075, 0.022500000000000075, 0.022500000000000075, 0.0475, 0.0475, 0.0475, 0.0, 0.0, -1111.0, 0.0, 0.05, 0.0, 0.05, 0.0, 0.05, 0.925, 1.0, -2222.0, 0.06821428571428567] 33229.92075049726
7 [0, 1, 1, 0.0, 0.05, 0.05, 1.0, 0.050000000000000044, 0.050000000000000044, 0.09750000000000003, 0.0, 0.0475, 0.0475, 0.0, 0.0, -1111.0, 0.0, 0.05, 0.0, 0.05, 0.0, 0.05, 0.925, 1.0, -2222.0, 0.06821428571428567] 15103.627068427493
4 [0, 0, 1, 0.0, 0.0, 0.05, 1.0, 0.0, 0.050000000000000044, 0.050000000000000044, 0.0, 0.0, 0.0475, 0.0, 0.0, -1111.0, 0.0, 0.05, 0.0, 0.05, 0.0, 0.05, 0.925, 1.0, -2222.0, 0.06821428571428567] 14595.299917804647
39558 [67, 67, 67, 0.99, 0.99, 0.99, 0.010000000000000009, 0.00990000000000001, 0.00990000000000001, 0.00990000000000001, 0.00990000000000002, 0.00990000000000002, 0.00990000000000002, 0.0, 4.0, -1111.0, 0.98, 0.99, 0.99, 1.0, 0.99, 1.0, 0.0, 0.010000000000000009, -2222.0, -0.009474874371859305] 2591.3721406295294
39557 [67, 67, 67, 0.99, 0.99, 0.99, 0.0, -0.00010000000000000018, -0.00010000000000000018, -0.00010000000000000018, 0.00990000000000002, 0.00990000000000002, 0.00990000000000002, 0.0, 4.0, -1111.0, 0.98, 0.99, 0.99, 1.0, 0.99, 1.0, 0.0, 0.010000000000000009, -2222.0, -0.009474874371859305] 1840.6367075166813
39565 [165, 165, 165, 1.0, 1.0, 1.0, 0.010000000000000009, 0.010000000000000009, 0.010000000000000009, 0.010000000000000009, 0.0, 0.0, 0.0, 0.0, 0.0, -1111.0, 0.99, 1.0, 0.99, 1.0, 0.99, 1.0, 0.0, 0.010000000000000009, -2222.0, 0.0] 1690.7531613612216
--- 6768.480681419373 seconds ---

target ratio:  1.45 , base:  20

configuration, posThreshold1:  0.3333333333333333  posThreshold2:  1.1

splitting point:,  [0.0, 0.01, 0.03, 0.05, 0.1, 0.15, 0.2, 0.3, 0.32, 0.33, 0.3333333333333333, 0.34, 0.35, 0.36, 0.38, 0.4, 0.42, 0.44, 0.45, 0.46, 0.48, 0.5, 0.52, 0.54, 0.55, 0.6, 0.65, 0.7, 0.75, 0.8, 0.9, 0.95, 0.96, 0.98, 0.99, 1.0]

The optimal value is 254.82765580883955
A solution x of x >= 1 is
771 [1, 62, 62, 0.01, 0.99, 0.99, 0.010000000000000009, 9.99999999999994e-05, 9.99999999999994e-05, 0.00990000000000001, 0.0099, 0.00990000000000002, 0.00990000000000002, 0.0003461186558647994, 4.0, -1111.0, 0.01, 0.03, 0.98, 0.99, 0.99, 1.0, 0.0, 0.010000000000000009, -2222.0, 0.005277552812606709] 276326.2593693777
779 [1, 62, 175, 0.01, 0.99, 1.0, 0.0, -0.00990000000000001, 0.0, 0.0, 0.0099, 0.00990000000000002, 0.0, 0.0003461186558647994, 4.0, -1111.0, 0.01, 0.03, 0.98, 0.99, 0.99, 1.0, 0.0, 0.010000000000000009, -2222.0, 0.005277552812606709] 224809.6646856131
780 [1, 62, 175, 0.01, 0.99, 1.0, 0.010000000000000009, 9.99999999999994e-05, 0.010000000000000009, 0.010000000000000009, 0.0099, 0.00990000000000002, 0.0, 0.0003461186558647994, 4.0, -1111.0, 0.01, 0.03, 0.98, 0.99, 0.99, 1.0, 0.0, 0.010000000000000009, -2222.0, 0.005277552812606709] 82416.4159820378
770 [1, 62, 62, 0.01, 0.99, 0.99, 0.0, -0.00990000000000001, -0.00990000000000001, -0.00010000000000000018, 0.0099, 0.00990000000000002, 0.00990000000000002, 0.0003461186558647994, 4.0, -1111.0, 0.01, 0.03, 0.98, 0.99, 0.99, 1.0, 0.0, 0.010000000000000009, -2222.0, 0.005277552812606709] 68961.13615156747
781 [0, 175, 175, 0.0, 1.0, 1.0, 0.0, 0.0, 0.0, 0.0, 0.0, 0.0, 0.0, 0.0003103969080325425, 4.0, -1111.0, 0.0, 0.01, 0.99, 1.0, 0.99, 1.0, 0.0, 0.010000000000000009, -2222.0, 0.005301980198019803] 28697.313778834017
768 [0, 62, 62, 0.0, 0.99, 0.99, 0.010000000000000009, 0.0, 0.0, 0.00990000000000001, 0.0, 0.00990000000000002, 0.00990000000000002, 0.0003103969080325425, 4.0, -1111.0, 0.0, 0.01, 0.98, 0.99, 0.99, 1.0, 0.0, 0.010000000000000009, -2222.0, -0.004172894173839505] 23852.936288629862
784 [1, 175, 175, 0.01, 1.0, 1.0, 0.010000000000000009, 0.010000000000000009, 0.010000000000000009, 0.010000000000000009, 0.0099, 0.0, 0.0, 0.0003103969080325425, 4.0, -1111.0, 0.0, 0.01, 0.99, 1.0, 0.99, 1.0, 0.0, 0.010000000000000009, -2222.0, 0.005301980198019803] 21905.928300147705
765 [1, 61, 62, 0.01, 0.98, 0.99, 0.010000000000000009, -0.00980000000000001, 9.99999999999994e-05, 0.009800000000000008, 0.0099, 0.019600000000000062, 0.00990000000000002, 0.0003461186558647994, 4.0, -1111.0, 0.01, 0.03, 0.98, 0.99, 0.99, 1.0, 0.0, 0.010000000000000009, -2222.0, 0.005277552812606709] 10582.25916871363
764 [1, 61, 62, 0.01, 0.98, 0.99, 0.0, -0.01980000000000002, -0.00990000000000001, -0.00020000000000000036, 0.0099, 0.019600000000000062, 0.00990000000000002, 0.0003461186558647994, 4.0, -1111.0, 0.01, 0.03, 0.98, 0.99, 0.99, 1.0, 0.0, 0.010000000000000009, -2222.0, 0.005277552812606709] 4419.759679864566
777 [1, 61, 175, 0.01, 0.98, 1.0, 0.0, -0.01980000000000002, 0.0, 0.0, 0.0099, 0.019600000000000062, 0.0, 0.0003461186558647994, 4.0, -1111.0, 0.01, 0.03, 0.98, 0.99, 0.99, 1.0, 0.0, 0.010000000000000009, -2222.0, 0.005277552812606709] 3270.4784949773807
778 [1, 61, 175, 0.01, 0.98, 1.0, 0.010000000000000009, -0.00980000000000001, 0.010000000000000009, 0.010000000000000009, 0.0099, 0.019600000000000062, 0.0, 0.0003461186558647994, 4.0, -1111.0, 0.01, 0.03, 0.98, 0.99, 0.99, 1.0, 0.0, 0.010000000000000009, -2222.0, 0.005277552812606709] 2718.3471392095257
783 [1, 175, 175, 0.01, 1.0, 1.0, 0.0, 0.0, 0.0, 0.0, 0.0099, 0.0, 0.0, 0.0003103969080325425, 4.0, -1111.0, 0.0, 0.01, 0.99, 1.0, 0.99, 1.0, 0.0, 0.010000000000000009, -2222.0, 0.005301980198019803] 926.6724869127381
10 [1, 1, 1, 0.01, 0.01, 0.01, 1.0, 0.01990000000000003, 0.01990000000000003, 0.01990000000000003, 0.0099, 0.0099, 0.0099, 0.0, 0.0, -1111.0, 0.0, 0.01, 0.0, 0.01, 0.0, 0.01, 0.985, 1.0, -2222.0, 0.015905940594059406] 169888.3285676382
11 [1, 1, 1, 0.01, 0.01, 0.01, 0.985, 0.0049000000000000155, 0.0049000000000000155, 0.0049000000000000155, 0.0099, 0.0099, 0.0099, 0.0, 0.0, -1111.0, 0.0, 0.01, 0.0, 0.01, 0.0, 0.01, 0.985, 1.0, -2222.0, 0.015905940594059406] 44184.221487590774
1 [0, 0, 0, 0.0, 0.0, 0.0, 1.0, 0.0, 0.0, 0.0, 0.0, 0.0, 0.0, 0.0, 0.0, -1111.0, 0.0, 0.01, 0.0, 0.01, 0.0, 0.01, 0.985, 1.0, -2222.0, 0.015905940594059406] 15910.305550159737
40651 [62, 62, 62, 0.99, 0.99, 0.99, 0.010000000000000009, 0.00990000000000001, 0.00990000000000001, 0.00990000000000001, 0.00990000000000002, 0.00990000000000002, 0.00990000000000002, 0.0, 4.0, -1111.0, 0.98, 0.99, 0.99, 1.0, 0.99, 1.0, 0.0, 0.010000000000000009, -2222.0, -0.009474874371859305] 9575.3427039068
40658 [175, 175, 175, 1.0, 1.0, 1.0, 0.010000000000000009, 0.010000000000000009, 0.010000000000000009, 0.010000000000000009, 0.0, 0.0, 0.0, 0.0, 0.0, -1111.0, 0.99, 1.0, 0.99, 1.0, 0.99, 1.0, 0.0, 0.010000000000000009, -2222.0, 0.0] 4918.674736749916
40650 [62, 62, 62, 0.99, 0.99, 0.99, 0.0, -0.00010000000000000018, -0.00010000000000000018, -0.00010000000000000018, 0.00990000000000002, 0.00990000000000002, 0.00990000000000002, 0.0, 4.0, -1111.0, 0.98, 0.99, 0.99, 1.0, 0.99, 1.0, 0.0, 0.010000000000000009, -2222.0, -0.009474874371859305] 2948.7304120609174
6 [0, 1, 1, 0.0, 0.01, 0.01, 0.985, -0.0050000000000000044, -0.0050000000000000044, 0.0049000000000000155, 0.0, 0.0099, 0.0099, 0.0, 0.0, -1111.0, 0.0, 0.01, 0.0, 0.01, 0.0, 0.01, 0.985, 1.0, -2222.0, 0.015905940594059406] 1811.2132834350853
7 [0, 1, 1, 0.0, 0.01, 0.01, 1.0, 0.010000000000000009, 0.010000000000000009, 0.01990000000000003, 0.0, 0.0099, 0.0099, 0.0, 0.0, -1111.0, 0.0, 0.01, 0.0, 0.01, 0.0, 0.01, 0.985, 1.0, -2222.0, 0.015905940594059406] 906.3729773440788
--- 8042.397775650024 seconds ---

target ratio:  1.45 , base:  20

configuration, posThreshold1:  0.3333333333333333  posThreshold2:  1.1

splitting point:,  [0.0, 0.01, 0.03, 0.05, 0.1, 0.15, 0.2, 0.3, 0.32, 0.33, 0.3333333333333333, 0.34, 0.35, 0.36, 0.38, 0.4, 0.42, 0.44, 0.45, 0.46, 0.48, 0.5, 0.52, 0.54, 0.55, 0.6, 0.65, 0.7, 0.75, 0.8, 0.9, 0.95, 0.96, 0.98, 0.99, 1.0]

The optimal value is 49123.00783936492
A solution x of x >= 1 is
13616 [19, 19, 48, 0.3333333333333333, 0.3333333333333333, 0.65, 0.3341666666666667, -0.11027777777777781, 0.10083333333333339, 0.10083333333333339, 0.2222222222222222, 0.2222222222222222, 0.22749999999999998, 0.21912949702538898, 1.0, -1111.0, 0.33, 0.3333333333333333, 0.33, 0.3333333333333333, 0.65, 0.6666666666666666, 0.3341666666666667, 0.3350000000000001, -2222.0, -0.12074743169209312] 314979.3081674807
16644 [19, 48, 62, 0.3333333333333333, 0.65, 0.99, 0.010000000000000009, -0.22333333333333333, 0.0033333333333333357, 0.006500000000000006, 0.2222222222222222, 0.22749999999999998, 0.00990000000000002, 0.11274061174445782, 1.0, -1111.0, 0.33, 0.3333333333333333, 0.65, 0.7, 0.98, 0.99, 0.010000000000000009, 0.01200000000000001, -2222.0, -0.15279809097113106] 248678.58705127408
12873 [19, 19, 19, 0.3333333333333333, 0.3333333333333333, 0.3333333333333333, 0.49883333333333335, 0.05438888888888882, 0.05438888888888882, 0.05438888888888882, 0.2222222222222222, 0.2222222222222222, 0.2222222222222222, -0.051666666666666305, 0.0, -1111.0, 0.3333333333333333, 0.34, 0.3333333333333333, 0.34, 0.3333333333333333, 0.34, 0.49, 0.49883333333333335, -2222.0, 0.050000000000000044] 242941.9819847954
36835 [48, 48, 48, 0.65, 0.65, 0.65, 0.062499999999999924, -0.06000000000000006, -0.06000000000000006, -0.06000000000000006, 0.22749999999999998, 0.22749999999999998, 0.22749999999999998, -0.5082954545454537, 0.0, -1111.0, 0.6, 0.65, 0.6, 0.65, 0.6, 0.65, 0.02499999999999991, 0.062499999999999924, -2222.0, -0.3600000000000003] 48669.61576205542
36836 [48, 48, 48, 0.65, 0.65, 0.65, 0.4, 0.2775, 0.2775, 0.2775, 0.22749999999999998, 0.22749999999999998, 0.22749999999999998, -0.7385454545454544, 1.0, -1111.0, 0.6, 0.65, 0.6, 0.65, 0.6, 0.65, 0.3625, 0.4, -2222.0, -0.3600000000000003] 14439.93707069111
16757 [19, 62, 62, 0.3333333333333333, 0.99, 0.99, 0.010000000000000009, 0.0033333333333333357, 0.0033333333333333357, 0.00990000000000001, 0.2222222222222222, 0.00990000000000002, 0.00990000000000002, 0.0, 4.0, -1111.0, 0.33, 0.3333333333333333, 0.99, 1.0, 0.99, 1.0, 0.0, 0.010000000000000009, -2222.0, 0.01774060150375939] 129866.29600643457
12866 [16, 62, 62, 0.33, 0.99, 0.99, 0.010000000000000009, 0.0033000000000000035, 0.0033000000000000035, 0.00990000000000001, 0.22110000000000002, 0.00990000000000002, 0.00990000000000002, 0.0, 4.0, -1111.0, 0.32, 0.33, 0.99, 1.0, 0.99, 1.0, 0.0, 0.010000000000000009, -2222.0, 0.020848484848484894] 245.59335131304923
--- 6018.030810117722 seconds ---

target ratio:  1.45 , base:  20

configuration, posThreshold1:  0.34  posThreshold2:  1.1

splitting point:,  [0.0, 0.01, 0.03, 0.05, 0.1, 0.15, 0.2, 0.3, 0.32, 0.33, 0.34, 0.35, 0.36, 0.38, 0.4, 0.42, 0.44, 0.45, 0.46, 0.48, 0.5, 0.52, 0.54, 0.55, 0.6, 0.65, 0.7, 0.75, 0.8, 0.9, 0.95, 0.96, 0.98, 0.99, 1.0]

The optimal value is 73813.85372290161
A solution x of x >= 1 is
11924 [17, 17, 44, 0.34, 0.34, 0.65, 0.31999999999999995, -0.11559999999999993, 0.089, 0.089, 0.2244, 0.2244, 0.22749999999999998, 0.2651495767913685, 1.0, -1111.0, 0.33, 0.34, 0.33, 0.34, 0.65, 0.68, 0.31999999999999995, 0.32149999999999995, -2222.0, -0.12536050464292026] 323720.11257393466
11431 [17, 17, 17, 0.34, 0.34, 0.34, 0.48425000000000007, 0.04865000000000019, 0.04865000000000019, 0.04865000000000019, 0.2244, 0.2244, 0.2244, -0.043098236092266706, 0.0, -1111.0, 0.34, 0.35, 0.34, 0.35, 0.34, 0.35, 0.4750000000000001, 0.48425000000000007, -2222.0, 0.04338805970149262] 256643.70996480467
14634 [17, 44, 140, 0.34, 0.65, 1.0, 0.0, -0.23099999999999996, 0.0, 0.0, 0.2244, 0.22749999999999998, 0.0, 0.1417293684916059, 1.0, -1111.0, 0.33, 0.34, 0.65, 0.7, 0.99, 1.0, 0.0, 0.0010000000000000009, -2222.0, -0.14735659054126948] 192848.36073988036
14515 [17, 44, 58, 0.34, 0.65, 0.99, 0.0, -0.23099999999999996, -0.006600000000000005, -0.0035000000000000027, 0.2244, 0.22749999999999998, 0.00990000000000002, 0.1417293684916059, 1.0, -1111.0, 0.33, 0.34, 0.65, 0.7, 0.99, 1.0, 0.0, 0.0010000000000000009, -2222.0, -0.14735659054126948] 56221.64583377719
31972 [44, 44, 44, 0.65, 0.65, 0.65, 0.062499999999999924, -0.06000000000000006, -0.06000000000000006, -0.06000000000000006, 0.22749999999999998, 0.22749999999999998, 0.22749999999999998, -0.5082954545454537, 0.0, -1111.0, 0.6, 0.65, 0.6, 0.65, 0.6, 0.65, 0.02499999999999991, 0.062499999999999924, -2222.0, -0.3600000000000003] 54297.70848377833
31973 [44, 44, 44, 0.65, 0.65, 0.65, 0.4, 0.2775, 0.2775, 0.2775, 0.22749999999999998, 0.22749999999999998, 0.22749999999999998, -0.7385454545454544, 1.0, -1111.0, 0.6, 0.65, 0.6, 0.65, 0.6, 0.65, 0.3625, 0.4, -2222.0, -0.3600000000000003] 11786.980146673779
14740 [17, 140, 140, 0.34, 1.0, 1.0, 0.0, 0.0, 0.0, 0.0, 0.2244, 0.0, 0.0, 0.0, 4.0, -1111.0, 0.33, 0.34, 0.99, 1.0, 0.99, 1.0, 0.0, 0.010000000000000009, -2222.0, 0.01774060150375939] 48508.69961359195
32699 [140, 140, 140, 1.0, 1.0, 1.0, 0.010000000000000009, 0.010000000000000009, 0.010000000000000009, 0.010000000000000009, 0.0, 0.0, 0.0, 0.0, 0.0, -1111.0, 0.99, 1.0, 0.99, 1.0, 0.99, 1.0, 0.0, 0.010000000000000009, -2222.0, 0.0] 27759.034587927854
14736 [17, 58, 58, 0.34, 0.99, 0.99, 0.010000000000000009, 0.0034000000000000037, 0.0034000000000000037, 0.00990000000000001, 0.2244, 0.00990000000000002, 0.00990000000000002, 0.0, 4.0, -1111.0, 0.33, 0.34, 0.99, 1.0, 0.99, 1.0, 0.0, 0.010000000000000009, -2222.0, 0.01774060150375939] 26621.062481945683
14741 [17, 140, 140, 0.34, 1.0, 1.0, 0.010000000000000009, 0.010000000000000009, 0.010000000000000009, 0.010000000000000009, 0.2244, 0.0, 0.0, 0.0, 4.0, -1111.0, 0.33, 0.34, 0.99, 1.0, 0.99, 1.0, 0.0, 0.010000000000000009, -2222.0, 0.01774060150375939] 1280.637561644553
--- 777.2303848266602 seconds ---

target ratio:  1.45 , base:  20

configuration, posThreshold1:  0.34  posThreshold2:  1.1

splitting point:,  [0.0, 0.01, 0.03, 0.05, 0.1, 0.15, 0.2, 0.3, 0.32, 0.33, 0.34, 0.35, 0.36, 0.38, 0.4, 0.42, 0.44, 0.45, 0.46, 0.48, 0.5, 0.52, 0.54, 0.55, 0.6, 0.62, 0.65, 0.7, 0.75, 0.8, 0.9, 0.95, 0.96, 0.98, 0.99, 1.0]

The optimal value is 68603.32137544671
A solution x of x >= 1 is
13068 [17, 17, 46, 0.34, 0.34, 0.65, 0.31999999999999995, -0.11559999999999993, 0.089, 0.089, 0.2244, 0.2244, 0.22749999999999998, 0.2651495767913685, 1.0, -1111.0, 0.33, 0.34, 0.33, 0.34, 0.65, 0.68, 0.31999999999999995, 0.32149999999999995, -2222.0, -0.12536050464292026] 383979.38871908584
12547 [17, 17, 17, 0.34, 0.34, 0.34, 0.48425000000000007, 0.04865000000000019, 0.04865000000000019, 0.04865000000000019, 0.2244, 0.2244, 0.2244, -0.043098236092266706, 0.0, -1111.0, 0.34, 0.35, 0.34, 0.35, 0.34, 0.35, 0.4750000000000001, 0.48425000000000007, -2222.0, 0.04338805970149262] 376132.3924230012
16323 [17, 46, 140, 0.34, 0.65, 1.0, 0.0, -0.23099999999999996, 0.0, 0.0, 0.2244, 0.22749999999999998, 0.0, 0.1417293684916059, 1.0, -1111.0, 0.33, 0.34, 0.65, 0.7, 0.99, 1.0, 0.0, 0.0010000000000000009, -2222.0, -0.14735659054126948] 136864.46712761442
35820 [46, 46, 46, 0.65, 0.65, 0.65, 0.38, 0.2575, 0.2575, 0.2575, 0.22749999999999998, 0.22749999999999998, 0.22749999999999998, -0.7432060850933575, 1.0, -1111.0, 0.62, 0.65, 0.62, 0.65, 0.62, 0.65, 0.3445, 0.38, -2222.0, -0.40070370370370334] 43164.229814593215
35819 [46, 46, 46, 0.65, 0.65, 0.65, 0.06049999999999992, -0.06200000000000006, -0.06200000000000006, -0.06200000000000006, 0.22749999999999998, 0.22749999999999998, 0.22749999999999998, -0.6287494949494943, 0.0, -1111.0, 0.62, 0.65, 0.62, 0.65, 0.62, 0.65, 0.02499999999999991, 0.06049999999999992, -2222.0, -0.40070370370370334] 6892.797302363112
36544 [140, 140, 140, 1.0, 1.0, 1.0, 0.010000000000000009, 0.010000000000000009, 0.010000000000000009, 0.010000000000000009, 0.0, 0.0, 0.0, 0.0, 0.0, -1111.0, 0.99, 1.0, 0.99, 1.0, 0.99, 1.0, 0.0, 0.010000000000000009, -2222.0, 0.0] 52839.98503338076
--- 2168.1765842437744 seconds ---

target ratio:  1.45 , base:  20

configuration, posThreshold1:  0.32  posThreshold2:  1.1

splitting point:,  [0.0, 0.01, 0.03, 0.05, 0.1, 0.15, 0.2, 0.3, 0.32, 0.33, 0.34, 0.35, 0.36, 0.38, 0.4, 0.42, 0.44, 0.45, 0.46, 0.48, 0.5, 0.52, 0.54, 0.55, 0.6, 0.62, 0.65, 0.66, 0.7, 0.75, 0.8, 0.9, 0.95, 0.96, 0.98, 0.99, 1.0]

The optimal value is 42209.97053957501
A solution x of x >= 1 is
8301 [15, 15, 15, 0.32, 0.32, 0.32, 0.6799999999999999, 0.21760000000000002, 0.21760000000000002, 0.21760000000000002, 0.21760000000000002, 0.21760000000000002, 0.21760000000000002, 0.0008231404958676247, 0.0, -1111.0, 0.32, 0.33, 0.32, 0.33, 0.32, 0.33, 0.505, 0.6799999999999999, -2222.0, 0.06254545454545468] 495283.33995064115
8359 [15, 15, 44, 0.32, 0.32, 0.62, 0.36, -0.10239999999999994, 0.10160000000000002, 0.10160000000000002, 0.21760000000000002, 0.21760000000000002, 0.23559999999999998, 0.14246052543170062, 1.0, -1111.0, 0.3, 0.32, 0.3, 0.32, 0.62, 0.64, 0.36, 0.38, -2222.0, -0.08600301573838487] 467357.61644895707
34771 [44, 44, 44, 0.62, 0.62, 0.62, 0.10300000000000006, -0.04139999999999994, -0.04139999999999994, -0.04139999999999994, 0.23559999999999998, 0.23559999999999998, 0.23559999999999998, -0.6181363636363633, 0.0, -1111.0, 0.6, 0.62, 0.6, 0.62, 0.6, 0.62, 0.07000000000000006, 0.10300000000000006, -2222.0, -0.3600000000000003] 22892.545677963
34770 [44, 44, 44, 0.62, 0.62, 0.62, 0.4, 0.25560000000000005, 0.25560000000000005, 0.25560000000000005, 0.23559999999999998, 0.23559999999999998, 0.23559999999999998, -0.7385454545454544, 1.0, -1111.0, 0.6, 0.62, 0.6, 0.62, 0.6, 0.62, 0.36700000000000005, 0.4, -2222.0, -0.3600000000000003] 14382.493305204718
--- 81.18359661102295 seconds ---

target ratio:  1.45 , base:  20

configuration, posThreshold1:  0.32  posThreshold2:  1.1

splitting point:,  [0.0, 0.01, 0.03, 0.05, 0.1, 0.15, 0.2, 0.3, 0.32, 0.33, 0.34, 0.35, 0.36, 0.38, 0.4, 0.42, 0.44, 0.45, 0.46, 0.48, 0.5, 0.52, 0.54, 0.55, 0.6, 0.62, 0.65, 0.66, 0.7, 0.75, 0.8, 0.9, 0.95, 0.96, 0.98, 0.99, 1.0]

The optimal value is 34282.65078638951
A solution x of x >= 1 is
8325 [15, 15, 15, 0.32, 0.32, 0.32, 0.51375, 0.05135000000000012, 0.05135000000000012, 0.05135000000000012, 0.21760000000000002, 0.21760000000000002, 0.21760000000000002, 0.0008231404958676247, 0.0, -1111.0, 0.32, 0.33, 0.32, 0.33, 0.32, 0.33, 0.505, 0.51375, -2222.0, 0.06254545454545468] 582903.5246729677
8397 [15, 15, 44, 0.32, 0.32, 0.62, 0.36, -0.10239999999999994, 0.10160000000000002, 0.10160000000000002, 0.21760000000000002, 0.21760000000000002, 0.23559999999999998, 0.14246052543170062, 1.0, -1111.0, 0.3, 0.32, 0.3, 0.32, 0.62, 0.64, 0.36, 0.38, -2222.0, -0.08600301573838487] 343613.4212382874
9870 [15, 44, 57, 0.32, 0.62, 0.95, 0.040000000000000036, -0.21839999999999993, 0.006000000000000005, 0.02100000000000002, 0.21760000000000002, 0.23559999999999998, 0.04749999999999999, 0.05779008447065648, 1.0, -1111.0, 0.3, 0.32, 0.62, 0.65, 0.9, 0.95, 0.040000000000000036, 0.09999999999999998, -2222.0, -0.16729985329021302] 37062.77423611677
36622 [44, 44, 44, 0.62, 0.62, 0.62, 0.4, 0.25560000000000005, 0.25560000000000005, 0.25560000000000005, 0.23559999999999998, 0.23559999999999998, 0.23559999999999998, -0.7385454545454544, 1.0, -1111.0, 0.6, 0.62, 0.6, 0.62, 0.6, 0.62, 0.36700000000000005, 0.4, -2222.0, -0.3600000000000003] 22819.71101992496
37764 [57, 57, 57, 0.95, 0.95, 0.95, 0.050000000000000044, 0.04750000000000004, 0.04750000000000004, 0.04750000000000004, 0.04749999999999999, 0.04749999999999999, 0.04749999999999999, -0.032151272727272764, 7.0, -1111.0, 0.95, 0.96, 0.95, 0.96, 0.95, 0.96, 0.0, 0.050000000000000044, -2222.0, -0.11277551020408173] 13601.505000666959
--- 2543.5609126091003 seconds ---

target ratio:  1.45 , base:  20

configuration, posThreshold1:  0.3  posThreshold2:  1.1

splitting point:,  [0.0, 0.01, 0.03, 0.05, 0.1, 0.2, 0.25, 0.3, 0.32, 0.33, 0.34, 0.35, 0.36, 0.38, 0.4, 0.42, 0.44, 0.45, 0.46, 0.48, 0.5, 0.52, 0.54, 0.55, 0.6, 0.62, 0.65, 0.66, 0.7, 0.75, 0.8, 0.9, 0.95, 0.96, 0.98, 0.99, 1.0]

The optimal value is 116310.49685890554
A solution x of x >= 1 is
8846 [15, 15, 15, 0.32, 0.32, 0.32, 0.529, 0.0666000000000001, 0.0666000000000001, 0.0666000000000001, 0.21760000000000002, 0.21760000000000002, 0.21760000000000002, 0.11630769230769222, 0.0, -1111.0, 0.3, 0.32, 0.3, 0.32, 0.3, 0.32, 0.52, 0.529, -2222.0, 0.07961538461538464] 139390.9374365446
7297 [13, 15, 15, 0.3, 0.32, 0.32, 0.52, 0.044000000000000095, 0.044000000000000095, 0.057600000000000096, 0.21, 0.21760000000000002, 0.21760000000000002, 0.11630769230769222, 0.0, -1111.0, 0.3, 0.32, 0.3, 0.32, 0.3, 0.32, 0.52, 0.529, -2222.0, 0.07961538461538464] 138955.673302472
8845 [15, 15, 15, 0.32, 0.32, 0.32, 0.52, 0.057600000000000096, 0.057600000000000096, 0.057600000000000096, 0.21760000000000002, 0.21760000000000002, 0.21760000000000002, 0.11630769230769222, 0.0, -1111.0, 0.3, 0.32, 0.3, 0.32, 0.3, 0.32, 0.52, 0.529, -2222.0, 0.07961538461538464] 137187.2884998036
7212 [13, 13, 13, 0.3, 0.3, 0.3, 0.529, 0.03900000000000009, 0.03900000000000009, 0.03900000000000009, 0.21, 0.21, 0.21, 0.11630769230769222, 0.0, -1111.0, 0.3, 0.32, 0.3, 0.32, 0.3, 0.32, 0.52, 0.529, -2222.0, 0.07961538461538464] 131360.68614187685
7216 [13, 13, 15, 0.3, 0.3, 0.32, 0.52, 0.030000000000000082, 0.044000000000000095, 0.044000000000000095, 0.21, 0.21, 0.21760000000000002, 0.11630769230769222, 0.0, -1111.0, 0.3, 0.32, 0.3, 0.32, 0.3, 0.32, 0.52, 0.529, -2222.0, 0.07961538461538464] 117290.27481965018
7211 [13, 13, 13, 0.3, 0.3, 0.3, 0.52, 0.030000000000000082, 0.030000000000000082, 0.030000000000000082, 0.21, 0.21, 0.21, 0.11630769230769222, 0.0, -1111.0, 0.3, 0.32, 0.3, 0.32, 0.3, 0.32, 0.52, 0.529, -2222.0, 0.07961538461538464] 116663.89601221647
7298 [13, 15, 15, 0.3, 0.32, 0.32, 0.529, 0.0530000000000001, 0.0530000000000001, 0.0666000000000001, 0.21, 0.21760000000000002, 0.21760000000000002, 0.11630769230769222, 0.0, -1111.0, 0.3, 0.32, 0.3, 0.32, 0.3, 0.32, 0.52, 0.529, -2222.0, 0.07961538461538464] 113880.05699358699
7217 [13, 13, 15, 0.3, 0.3, 0.32, 0.529, 0.03900000000000009, 0.0530000000000001, 0.0530000000000001, 0.21, 0.21, 0.21760000000000002, 0.11630769230769222, 0.0, -1111.0, 0.3, 0.32, 0.3, 0.32, 0.3, 0.32, 0.52, 0.529, -2222.0, 0.07961538461538464] 105276.768445768
--- 142.60257720947266 seconds ---

target ratio:  1.45 , base:  20

configuration, posThreshold1:  0.32  posThreshold2:  1.1

splitting point:,  [0.0, 0.01, 0.03, 0.05, 0.1, 0.2, 0.25, 0.3, 0.32, 0.33, 0.34, 0.35, 0.36, 0.38, 0.4, 0.42, 0.44, 0.45, 0.46, 0.48, 0.5, 0.52, 0.54, 0.55, 0.6, 0.62, 0.63, 0.65, 0.7, 0.75, 0.8, 0.9, 0.95, 0.96, 0.98, 0.99, 1.0]

The optimal value is 33347.772089753176
A solution x of x >= 1 is
10044 [15, 15, 15, 0.32, 0.32, 0.32, 0.51375, 0.05135000000000012, 0.05135000000000012, 0.05135000000000012, 0.21760000000000002, 0.21760000000000002, 0.21760000000000002, 0.0008231404958676247, 0.0, -1111.0, 0.32, 0.33, 0.32, 0.33, 0.32, 0.33, 0.505, 0.51375, -2222.0, 0.06254545454545468] 567198.3109300489
10631 [15, 15, 45, 0.32, 0.32, 0.63, 0.36, -0.10239999999999994, 0.1084, 0.1084, 0.21760000000000002, 0.21760000000000002, 0.23309999999999997, 0.14246052543170062, 1.0, -1111.0, 0.31, 0.32, 0.31, 0.32, 0.63, 0.64, 0.36, 0.3605, -2222.0, -0.09879689533370506] 329669.1510438703
12181 [15, 45, 58, 0.32, 0.63, 0.96, 0.03500000000000003, -0.21659999999999996, 0.007800000000000008, 0.020200000000000017, 0.21760000000000002, 0.23309999999999997, 0.03839999999999999, 0.05947425210245383, 1.0, -1111.0, 0.3, 0.32, 0.63, 0.65, 0.95, 0.96, 0.03500000000000003, 0.050000000000000044, -2222.0, -0.16425554700816036] 53861.939702984906
40210 [58, 58, 58, 0.96, 0.96, 0.96, 0.040000000000000036, 0.03840000000000003, 0.03840000000000003, 0.03840000000000003, 0.03839999999999999, 0.03839999999999999, 0.03839999999999999, -0.00816436363636366, 7.0, -1111.0, 0.96, 0.98, 0.96, 0.98, 0.96, 0.98, 0.0, 0.040000000000000036, -2222.0, -0.056696969696969746] 26411.44909139475
39203 [45, 45, 45, 0.63, 0.63, 0.63, 0.38, 0.2431, 0.2431, 0.2431, 0.23309999999999997, 0.23309999999999997, 0.23309999999999997, -0.7443830662177326, 1.0, -1111.0, 0.62, 0.63, 0.62, 0.63, 0.62, 0.63, 0.34750000000000003, 0.38000000000000006, -2222.0, -0.40070370370370334] 22961.266660822923
--- 396.68762850761414 seconds ---

target ratio:  1.45 , base:  20

configuration, posThreshold1:  0.32  posThreshold2:  1.1

splitting point:,  [0.0, 0.01, 0.03, 0.05, 0.1, 0.2, 0.25, 0.3, 0.32, 0.33, 0.34, 0.35, 0.36, 0.38, 0.4, 0.42, 0.44, 0.45, 0.46, 0.48, 0.5, 0.52, 0.54, 0.55, 0.6, 0.62, 0.63, 0.65, 0.7, 0.75, 0.8, 0.9, 0.95, 0.96, 0.98, 0.99, 1.0]

The optimal value is 5652.6804515431595
A solution x of x >= 1 is
9858 [15, 15, 15, 0.32, 0.32, 0.32, 0.51375, 0.05135000000000012, 0.05135000000000012, 0.05135000000000012, 0.21760000000000002, 0.21760000000000002, 0.21760000000000002, 0.0008231404958676247, 0.0, -1111.0, 0.32, 0.33, 0.32, 0.33, 0.32, 0.33, 0.505, 0.51375, -2222.0, 0.06254545454545468] 575348.4805542711
12047 [15, 49, 61, 0.32, 0.7, 0.99, 0.010000000000000009, -0.194, 0.003200000000000003, 0.007000000000000006, 0.21760000000000002, 0.21000000000000002, 0.00990000000000002, 0.0546284851386587, 1.0, -1111.0, 0.3, 0.32, 0.6699999999999999, 0.7, 0.99, 1.0, 0.0, 0.010000000000000009, -2222.0, -0.15646492956985059] 172966.54829676004
41908 [49, 49, 49, 0.7, 0.7, 0.7, 0.35, 0.25999999999999995, 0.25999999999999995, 0.25999999999999995, 0.21000000000000002, 0.21000000000000002, 0.21000000000000002, -0.9929388116074422, 1.0, -1111.0, 0.65, 0.7, 0.65, 0.7, 0.65, 0.7, 0.315, 0.35, -2222.0, -0.46386363636363637] 2683.7522613928245
41907 [49, 49, 49, 0.7, 0.7, 0.7, 0.30000000000000004, 0.21000000000000002, 0.21000000000000002, 0.21000000000000002, 0.21000000000000002, 0.21000000000000002, 0.21000000000000002, -0.8858045697617891, 0.0, -1111.0, 0.65, 0.7, 0.7, 0.75, 0.7, 0.75, 0.0, 0.30000000000000004, -2222.0, -0.5375623885918004] 1812.0761776964785
42376 [61, 61, 61, 0.99, 0.99, 0.99, 0.010000000000000009, 0.00990000000000001, 0.00990000000000001, 0.00990000000000001, 0.00990000000000002, 0.00990000000000002, 0.00990000000000002, 0.0, 4.0, -1111.0, 0.98, 0.99, 0.99, 1.0, 0.99, 1.0, 0.0, 0.010000000000000009, -2222.0, -0.009474874371859305] 247184.78108620408
--- 3167.1082656383514 seconds ---

target ratio:  1.45 , base:  20

configuration, posThreshold1:  0.32  posThreshold2:  1.1

splitting point:,  [0.0, 0.01, 0.05, 0.1, 0.2, 0.25, 0.3, 0.32, 0.33, 0.34, 0.35, 0.36, 0.38, 0.4, 0.42, 0.44, 0.45, 0.46, 0.48, 0.5, 0.52, 0.54, 0.55, 0.6, 0.63, 0.65, 0.68, 0.7, 0.75, 0.8, 0.9, 0.95, 0.96, 0.98, 0.99, 1.0]

The optimal value is 6572.219442587193
A solution x of x >= 1 is
9182 [13, 13, 13, 0.32, 0.32, 0.32, 0.51375, 0.05135000000000012, 0.05135000000000012, 0.05135000000000012, 0.21760000000000002, 0.21760000000000002, 0.21760000000000002, 0.0008231404958676247, 0.0, -1111.0, 0.32, 0.33, 0.32, 0.33, 0.32, 0.33, 0.505, 0.51375, -2222.0, 0.06254545454545468] 576199.5274935069
11331 [13, 48, 60, 0.32, 0.7, 0.99, 0.010000000000000009, -0.194, 0.003200000000000003, 0.007000000000000006, 0.21760000000000002, 0.21000000000000002, 0.00990000000000002, 0.05785312868949233, 1.0, -1111.0, 0.3, 0.32, 0.68, 0.7, 0.99, 1.0, 0.0, 0.010000000000000009, -2222.0, -0.15562770562770556] 177129.32730721653
11291 [13, 46, 60, 0.32, 0.68, 0.99, 0.010000000000000009, -0.20759999999999995, 0.003200000000000003, 0.0068000000000000066, 0.21760000000000002, 0.21759999999999996, 0.00990000000000002, 0.05785312868949233, 1.0, -1111.0, 0.30999999999999994, 0.32, 0.6699999999999999, 0.68, 0.99, 1.0, 0.0, 0.010000000000000009, -2222.0, -0.15562770562770556] 12510.142462070482
40669 [48, 48, 48, 0.7, 0.7, 0.7, 0.31999999999999995, 0.22999999999999993, 0.22999999999999993, 0.22999999999999993, 0.21000000000000002, 0.21000000000000002, 0.21000000000000002, -0.8664103896103896, 0.0, -1111.0, 0.68, 0.7, 0.68, 0.7, 0.68, 0.7, 0.0, 0.31999999999999995, -2222.0, -0.5294285714285709] 4592.15214743366
40545 [46, 48, 48, 0.68, 0.7, 0.7, 0.31999999999999995, 0.22399999999999995, 0.22399999999999995, 0.22999999999999993, 0.21759999999999996, 0.21000000000000002, 0.21000000000000002, -0.8287704053522236, 0.0, -1111.0, 0.65, 0.68, 0.68, 0.7, 0.68, 0.7, 0.0, 0.31999999999999995, -2222.0, -0.5075735930735936] 1064.563596818248
41109 [60, 60, 60, 0.99, 0.99, 0.99, 0.010000000000000009, 0.00990000000000001, 0.00990000000000001, 0.00990000000000001, 0.00990000000000002, 0.00990000000000002, 0.00990000000000002, 0.0, 4.0, -1111.0, 0.98, 0.99, 0.99, 1.0, 0.99, 1.0, 0.0, 0.010000000000000009, -2222.0, -0.009474874371859305] 228467.35292206777
--- 45223.68257188797 seconds ---

target ratio:  1.45 , base:  20

configuration, posThreshold1:  0.33  posThreshold2:  1.1

splitting point:,  [0.0, 0.01, 0.05, 0.1, 0.2, 0.25, 0.3, 0.32, 0.33, 0.34, 0.36, 0.4, 0.44, 0.46, 0.48, 0.5, 0.54, 0.55, 0.6, 0.63, 0.65, 0.68, 0.7, 0.8, 0.9, 0.95, 0.96, 0.98, 0.99, 1.0]

The optimal value is 113505.91004893222
A solution x of x >= 1 is
13500 [17, 17, 17, 0.36, 0.36, 0.36, 0.42399999999999993, 0.014399999999999913, 0.014399999999999913, 0.014399999999999913, 0.2304, 0.2304, 0.2304, 0.11350588235294179, 0.0, -1111.0, 0.36, 0.4, 0.36, 0.4, 0.36, 0.4, 0.3999999999999999, 0.42399999999999993, -2222.0, 0.02223529411764713] 244792.30129870577
13791 [17, 19, 19, 0.36, 0.4, 0.4, 0.3999999999999999, 0.015999999999999903, 0.015999999999999903, 0.039999999999999925, 0.2304, 0.24, 0.24, 0.11350588235294179, 0.0, -1111.0, 0.36, 0.4, 0.36, 0.4, 0.36, 0.4, 0.3999999999999999, 0.42399999999999993, -2222.0, 0.02223529411764713] 230519.55045679116
13526 [17, 17, 19, 0.36, 0.36, 0.4, 0.42399999999999993, 0.014399999999999913, 0.039999999999999925, 0.039999999999999925, 0.2304, 0.2304, 0.24, 0.11350588235294179, 0.0, -1111.0, 0.36, 0.4, 0.36, 0.4, 0.36, 0.4, 0.3999999999999999, 0.42399999999999993, -2222.0, 0.02223529411764713] 158324.13776700676
15362 [19, 19, 19, 0.4, 0.4, 0.4, 0.42399999999999993, 0.06399999999999995, 0.06399999999999995, 0.06399999999999995, 0.24, 0.24, 0.24, 0.11350588235294179, 0.0, -1111.0, 0.36, 0.4, 0.36, 0.4, 0.36, 0.4, 0.3999999999999999, 0.42399999999999993, -2222.0, 0.02223529411764713] 135858.4678836381
15359 [19, 19, 19, 0.4, 0.4, 0.4, 0.3999999999999999, 0.039999999999999925, 0.039999999999999925, 0.039999999999999925, 0.24, 0.24, 0.24, 0.11350588235294179, 0.0, -1111.0, 0.36, 0.4, 0.36, 0.4, 0.36, 0.4, 0.3999999999999999, 0.42399999999999993, -2222.0, 0.02223529411764713] 98391.89180882358
13523 [17, 17, 19, 0.36, 0.36, 0.4, 0.3999999999999999, -0.009600000000000108, 0.015999999999999903, 0.015999999999999903, 0.2304, 0.2304, 0.24, 0.11350588235294179, 0.0, -1111.0, 0.36, 0.4, 0.36, 0.4, 0.36, 0.4, 0.3999999999999999, 0.42399999999999993, -2222.0, 0.02223529411764713] 86793.84145031497
13794 [17, 19, 19, 0.36, 0.4, 0.4, 0.42399999999999993, 0.039999999999999925, 0.039999999999999925, 0.06399999999999995, 0.2304, 0.24, 0.24, 0.11350588235294179, 0.0, -1111.0, 0.36, 0.4, 0.36, 0.4, 0.36, 0.4, 0.3999999999999999, 0.42399999999999993, -2222.0, 0.02223529411764713] 45332.835917540906
--- 87.88250279426575 seconds ---

target ratio:  1.45 , base:  20

configuration, posThreshold1:  0.33  posThreshold2:  1.1

splitting point:,  [0.0, 0.01, 0.05, 0.1, 0.2, 0.25, 0.3, 0.32, 0.33, 0.34, 0.36, 0.38, 0.4, 0.44, 0.46, 0.48, 0.5, 0.54, 0.55, 0.6, 0.63, 0.65, 0.68, 0.7, 0.8, 0.9, 0.95, 0.96, 0.98, 0.99, 1.0]

The optimal value is 26433.0890729363
A solution x of x >= 1 is
12112 [15, 15, 17, 0.34, 0.34, 0.36, 0.45999999999999996, 0.02440000000000009, 0.03760000000000002, 0.03760000000000002, 0.2244, 0.2244, 0.2304, 0.026432564450474816, 0.0, -1111.0, 0.34, 0.36, 0.34, 0.36, 0.34, 0.36, 0.45999999999999996, 0.47, -2222.0, 0.04338805970149262] 155413.8584296649
12450 [15, 17, 17, 0.34, 0.36, 0.36, 0.45999999999999996, 0.03760000000000002, 0.03760000000000002, 0.050399999999999945, 0.2244, 0.2304, 0.2304, 0.026432564450474816, 0.0, -1111.0, 0.34, 0.36, 0.34, 0.36, 0.34, 0.36, 0.45999999999999996, 0.47, -2222.0, 0.04338805970149262] 146702.80661263815
12115 [15, 15, 17, 0.34, 0.34, 0.36, 0.47, 0.0344000000000001, 0.04760000000000003, 0.04760000000000003, 0.2244, 0.2244, 0.2304, 0.026432564450474816, 0.0, -1111.0, 0.34, 0.36, 0.34, 0.36, 0.34, 0.36, 0.45999999999999996, 0.47, -2222.0, 0.04338805970149262] 143890.20943914683
12453 [15, 17, 17, 0.34, 0.36, 0.36, 0.47, 0.04760000000000003, 0.04760000000000003, 0.060399999999999954, 0.2244, 0.2304, 0.2304, 0.026432564450474816, 0.0, -1111.0, 0.34, 0.36, 0.34, 0.36, 0.34, 0.36, 0.45999999999999996, 0.47, -2222.0, 0.04338805970149262] 128669.50986823603
12090 [15, 15, 15, 0.34, 0.34, 0.34, 0.47, 0.0344000000000001, 0.0344000000000001, 0.0344000000000001, 0.2244, 0.2244, 0.2244, 0.026432564450474816, 0.0, -1111.0, 0.34, 0.36, 0.34, 0.36, 0.34, 0.36, 0.45999999999999996, 0.47, -2222.0, 0.04338805970149262] 118962.60067800505
12089 [15, 15, 15, 0.34, 0.34, 0.34, 0.45999999999999996, 0.02440000000000009, 0.02440000000000009, 0.02440000000000009, 0.2244, 0.2244, 0.2244, 0.026432564450474816, 0.0, -1111.0, 0.34, 0.36, 0.34, 0.36, 0.34, 0.36, 0.45999999999999996, 0.47, -2222.0, 0.04338805970149262] 105349.37553220564
14675 [17, 17, 17, 0.36, 0.36, 0.36, 0.47, 0.060399999999999954, 0.060399999999999954, 0.060399999999999954, 0.2304, 0.2304, 0.2304, 0.026432564450474816, 0.0, -1111.0, 0.34, 0.36, 0.34, 0.36, 0.34, 0.36, 0.45999999999999996, 0.47, -2222.0, 0.04338805970149262] 104106.77480200108
14672 [17, 17, 17, 0.36, 0.36, 0.36, 0.45999999999999996, 0.050399999999999945, 0.050399999999999945, 0.050399999999999945, 0.2304, 0.2304, 0.2304, 0.026432564450474816, 0.0, -1111.0, 0.34, 0.36, 0.34, 0.36, 0.34, 0.36, 0.45999999999999996, 0.47, -2222.0, 0.04338805970149262] 96908.83244964064
--- 195.1057071685791 seconds ---

target ratio:  1.45 , base:  20

configuration, posThreshold1:  0.33  posThreshold2:  1.1

splitting point:,  [0.0, 0.01, 0.05, 0.1, 0.2, 0.25, 0.3, 0.32, 0.33, 0.34, 0.36, 0.38, 0.4, 0.44, 0.46, 0.48, 0.5, 0.54, 0.55, 0.6, 0.63, 0.65, 0.68, 0.7, 0.8, 0.9, 0.95, 0.96, 0.98, 0.99, 1.0]

The optimal value is 26432.064297927052
A solution x of x >= 1 is
12686 [15, 15, 17, 0.34, 0.34, 0.36, 0.45999999999999996, 0.02440000000000009, 0.03760000000000002, 0.03760000000000002, 0.2244, 0.2244, 0.2304, 0.026432564450474816, 0.0, -1111.0, 0.34, 0.36, 0.34, 0.36, 0.34, 0.36, 0.45999999999999996, 0.47, -2222.0, 0.04338805970149262] 165214.78842390183
13024 [15, 17, 17, 0.34, 0.36, 0.36, 0.45999999999999996, 0.03760000000000002, 0.03760000000000002, 0.050399999999999945, 0.2244, 0.2304, 0.2304, 0.026432564450474816, 0.0, -1111.0, 0.34, 0.36, 0.34, 0.36, 0.34, 0.36, 0.45999999999999996, 0.47, -2222.0, 0.04338805970149262] 158763.59283331365
12689 [15, 15, 17, 0.34, 0.34, 0.36, 0.47, 0.0344000000000001, 0.04760000000000003, 0.04760000000000003, 0.2244, 0.2244, 0.2304, 0.026432564450474816, 0.0, -1111.0, 0.34, 0.36, 0.34, 0.36, 0.34, 0.36, 0.45999999999999996, 0.47, -2222.0, 0.04338805970149262] 156072.20228238817
13027 [15, 17, 17, 0.34, 0.36, 0.36, 0.47, 0.04760000000000003, 0.04760000000000003, 0.060399999999999954, 0.2244, 0.2304, 0.2304, 0.026432564450474816, 0.0, -1111.0, 0.34, 0.36, 0.34, 0.36, 0.34, 0.36, 0.45999999999999996, 0.47, -2222.0, 0.04338805970149262] 142824.66884419377
12664 [15, 15, 15, 0.34, 0.34, 0.34, 0.47, 0.0344000000000001, 0.0344000000000001, 0.0344000000000001, 0.2244, 0.2244, 0.2244, 0.026432564450474816, 0.0, -1111.0, 0.34, 0.36, 0.34, 0.36, 0.34, 0.36, 0.45999999999999996, 0.47, -2222.0, 0.04338805970149262] 103415.10036021673
12663 [15, 15, 15, 0.34, 0.34, 0.34, 0.45999999999999996, 0.02440000000000009, 0.02440000000000009, 0.02440000000000009, 0.2244, 0.2244, 0.2244, 0.026432564450474816, 0.0, -1111.0, 0.34, 0.36, 0.34, 0.36, 0.34, 0.36, 0.45999999999999996, 0.47, -2222.0, 0.04338805970149262] 94711.23286880946
15356 [17, 17, 17, 0.36, 0.36, 0.36, 0.47, 0.060399999999999954, 0.060399999999999954, 0.060399999999999954, 0.2304, 0.2304, 0.2304, 0.026432564450474816, 0.0, -1111.0, 0.34, 0.36, 0.34, 0.36, 0.34, 0.36, 0.45999999999999996, 0.47, -2222.0, 0.04338805970149262] 90585.69064611365
15353 [17, 17, 17, 0.36, 0.36, 0.36, 0.45999999999999996, 0.050399999999999945, 0.050399999999999945, 0.050399999999999945, 0.2304, 0.2304, 0.2304, 0.026432564450474816, 0.0, -1111.0, 0.34, 0.36, 0.34, 0.36, 0.34, 0.36, 0.45999999999999996, 0.47, -2222.0, 0.04338805970149262] 88431.96074622712
--- 122.17445659637451 seconds ---

target ratio:  1.45 , base:  20

configuration, posThreshold1:  0.33  posThreshold2:  1.1

splitting point:,  [0.0, 0.01, 0.05, 0.1, 0.2, 0.25, 0.3, 0.32, 0.33, 0.34, 0.35, 0.36, 0.38, 0.4, 0.44, 0.46, 0.48, 0.5, 0.54, 0.55, 0.6, 0.63, 0.65, 0.68, 0.7, 0.8, 0.9, 0.95, 0.96, 0.98, 0.99, 1.0]

The optimal value is 18613.53882738819
A solution x of x >= 1 is
25581 [25, 25, 25, 0.44, 0.44, 0.44, 0.366, 0.05239999999999995, 0.05239999999999995, 0.05239999999999995, 0.2464, 0.2464, 0.2464, 0.005298701298701136, 0.0, -1111.0, 0.4, 0.44, 0.4, 0.44, 0.4, 0.44, 0.33999999999999997, 0.366, -2222.0, -0.0257142857142858] 602539.3047825882
27538 [25, 33, 134, 0.44, 0.54, 1.0, 0.0010000000000000009, -0.2566, 0.0010000000000000009, 0.0010000000000000009, 0.2464, 0.2484, 0.0, 0.10934227814526676, 1.0, -1111.0, 0.44, 0.46, 0.54, 0.55, 0.99, 1.0, 0.0, 0.0010000000000000009, -2222.0, -0.1185643123999287] 239412.45695811088
29697 [33, 33, 33, 0.54, 0.54, 0.54, 0.5, 0.28840000000000005, 0.28840000000000005, 0.28840000000000005, 0.2484, 0.2484, 0.2484, -0.9166666666666661, 1.0, -1111.0, 0.5, 0.54, 0.5, 0.54, 0.5, 0.54, 0.469, 0.5, -2222.0, -0.17499999999999982] 11491.62768234501
29698 [33, 33, 33, 0.54, 0.54, 0.54, 0.22099999999999995, 0.009399999999999992, 0.009399999999999992, 0.009399999999999992, 0.2484, 0.2484, 0.2484, -0.27545454545454495, 0.0, -1111.0, 0.5, 0.54, 0.5, 0.54, 0.5, 0.54, 0.18999999999999995, 0.22099999999999995, -2222.0, -0.17499999999999982] 853.5352445755822
32206 [134, 134, 134, 1.0, 1.0, 1.0, 0.010000000000000009, 0.010000000000000009, 0.010000000000000009, 0.010000000000000009, 0.0, 0.0, 0.0, 0.0, 0.0, -1111.0, 0.99, 1.0, 0.99, 1.0, 0.99, 1.0, 0.0, 0.010000000000000009, -2222.0, 0.0] 145752.80125054513
--- 366.19569206237793 seconds ---

target ratio:  1.45 , base:  20

configuration, posThreshold1:  0.33  posThreshold2:  1.1

splitting point:,  [0.0, 0.01, 0.05, 0.1, 0.2, 0.25, 0.3, 0.32, 0.33, 0.34, 0.35, 0.36, 0.38, 0.4, 0.42, 0.44, 0.46, 0.48, 0.5, 0.54, 0.55, 0.6, 0.63, 0.65, 0.68, 0.7, 0.8, 0.9, 0.95, 0.96, 0.98, 0.99, 1.0]

The optimal value is 3651.128722776626
A solution x of x >= 1 is
12864 [14, 14, 14, 0.33, 0.33, 0.33, 0.499, 0.05010000000000009, 0.05010000000000009, 0.05010000000000009, 0.22110000000000002, 0.22110000000000002, 0.22110000000000002, -0.020909774436090434, 0.0, -1111.0, 0.33, 0.34, 0.33, 0.34, 0.33, 0.34, 0.49, 0.499, -2222.0, 0.053221804511278004] 540084.0020179136
15061 [14, 44, 56, 0.33, 0.68, 0.99, 0.010000000000000009, -0.20439999999999994, 0.0033000000000000035, 0.0068000000000000066, 0.22110000000000002, 0.21759999999999996, 0.00990000000000002, 0.10020760311229915, 1.0, -1111.0, 0.32, 0.33, 0.6599999999999999, 0.68, 0.99, 1.0, 0.0, 0.010000000000000009, -2222.0, -0.15136418891540226] 285873.901572952
35279 [44, 44, 44, 0.68, 0.68, 0.68, 0.31999999999999995, 0.2176, 0.2176, 0.2176, 0.21759999999999996, 0.21759999999999996, 0.21759999999999996, -0.8287704053522236, 0.0, -1111.0, 0.65, 0.68, 0.68, 0.7, 0.68, 0.7, 0.0, 0.31999999999999995, -2222.0, -0.5075735930735936] 16536.28412794141
35744 [56, 56, 56, 0.99, 0.99, 0.99, 0.010000000000000009, 0.00990000000000001, 0.00990000000000001, 0.00990000000000001, 0.00990000000000002, 0.00990000000000002, 0.00990000000000002, 0.0, 4.0, -1111.0, 0.98, 0.99, 0.99, 1.0, 0.99, 1.0, 0.0, 0.010000000000000009, -2222.0, -0.009474874371859305] 157390.2018086596
--- 456.078560590744 seconds ---

target ratio:  1.45 , base:  20

configuration, posThreshold1:  0.33  posThreshold2:  1.1

splitting point:,  [0.0, 0.01, 0.05, 0.1, 0.2, 0.25, 0.3, 0.32, 0.33, 0.34, 0.35, 0.36, 0.38, 0.4, 0.42, 0.44, 0.46, 0.48, 0.5, 0.54, 0.55, 0.6, 0.63, 0.65, 0.68, 0.7, 0.8, 0.9, 0.95, 0.96, 0.98, 0.99, 1.0]

The optimal value is 2874.763241554152
A solution x of x >= 1 is
12864 [14, 14, 14, 0.33, 0.33, 0.33, 0.499, 0.05010000000000009, 0.05010000000000009, 0.05010000000000009, 0.22110000000000002, 0.22110000000000002, 0.22110000000000002, -0.020909774436090434, 0.0, -1111.0, 0.33, 0.34, 0.33, 0.34, 0.33, 0.34, 0.49, 0.499, -2222.0, 0.053221804511278004] 530837.0131590896
15085 [14, 44, 56, 0.33, 0.68, 0.99, 0.010000000000000009, -0.20439999999999994, 0.0033000000000000035, 0.0068000000000000066, 0.22110000000000002, 0.21759999999999996, 0.00990000000000002, 0.10020760311229915, 1.0, -1111.0, 0.32, 0.33, 0.6599999999999999, 0.68, 0.99, 1.0, 0.0, 0.010000000000000009, -2222.0, -0.15136418891540226] 269990.04759603785
36964 [44, 44, 44, 0.68, 0.68, 0.68, 0.35, 0.24760000000000001, 0.24760000000000001, 0.24760000000000001, 0.21759999999999996, 0.21759999999999996, 0.21759999999999996, -0.9964618087367176, 1.0, -1111.0, 0.65, 0.68, 0.65, 0.68, 0.65, 0.68, 0.315, 0.35, -2222.0, -0.46386363636363637] 13127.481050499551
37556 [56, 56, 56, 0.99, 0.99, 0.99, 0.010000000000000009, 0.00990000000000001, 0.00990000000000001, 0.00990000000000001, 0.00990000000000002, 0.00990000000000002, 0.00990000000000002, 0.0, 4.0, -1111.0, 0.98, 0.99, 0.99, 1.0, 0.99, 1.0, 0.0, 0.010000000000000009, -2222.0, -0.009474874371859305] 186000.48152820012
--- 1702.283355474472 seconds ---

target ratio:  1.45 , base:  20

configuration, posThreshold1:  0.33  posThreshold2:  1.1

splitting point:,  [0.0, 0.01, 0.05, 0.1, 0.2, 0.25, 0.3, 0.32, 0.33, 0.34, 0.35, 0.36, 0.38, 0.4, 0.42, 0.44, 0.46, 0.48, 0.5, 0.54, 0.55, 0.6, 0.65, 0.66, 0.68, 0.7, 0.8, 0.9, 0.95, 0.96, 0.98, 0.99, 1.0]

The optimal value is 2234.9710412435943
A solution x of x >= 1 is
12714 [14, 14, 14, 0.33, 0.33, 0.33, 0.499, 0.05010000000000009, 0.05010000000000009, 0.05010000000000009, 0.22110000000000002, 0.22110000000000002, 0.22110000000000002, -0.020909774436090434, 0.0, -1111.0, 0.33, 0.34, 0.33, 0.34, 0.33, 0.34, 0.49, 0.499, -2222.0, 0.053221804511278004] 542622.2081875021
15003 [14, 43, 55, 0.33, 0.68, 0.99, 0.010000000000000009, -0.20439999999999994, 0.0033000000000000035, 0.0068000000000000066, 0.22110000000000002, 0.21759999999999996, 0.00990000000000002, 0.10020760311229848, 1.0, -1111.0, 0.32, 0.33, 0.66, 0.68, 0.99, 1.0, 0.0, 0.010000000000000009, -2222.0, -0.15136418891540226] 263962.497908775
36565 [43, 43, 43, 0.68, 0.68, 0.68, 0.3399999999999999, 0.23759999999999995, 0.23759999999999995, 0.23759999999999995, 0.21759999999999996, 0.21759999999999996, 0.21759999999999996, -1.0052898873040212, 1.0, -1111.0, 0.66, 0.68, 0.66, 0.68, 0.66, 0.68, 0.30599999999999994, 0.3399999999999999, -2222.0, -0.4854578313253013] 12803.167215645128
37155 [55, 55, 55, 0.99, 0.99, 0.99, 0.010000000000000009, 0.00990000000000001, 0.00990000000000001, 0.00990000000000001, 0.00990000000000002, 0.00990000000000002, 0.00990000000000002, 0.0, 4.0, -1111.0, 0.98, 0.99, 0.99, 1.0, 0.99, 1.0, 0.0, 0.010000000000000009, -2222.0, -0.009474874371859305] 180581.4673802859
--- 3490.935080051422 seconds ---

target ratio:  1.45 , base:  20

configuration, posThreshold1:  0.33  posThreshold2:  1.1

splitting point:,  [0.0, 0.01, 0.05, 0.1, 0.2, 0.25, 0.3, 0.32, 0.33, 0.34, 0.35, 0.36, 0.38, 0.4, 0.42, 0.44, 0.46, 0.48, 0.5, 0.54, 0.55, 0.6, 0.65, 0.67, 0.68, 0.7, 0.8, 0.9, 0.95, 0.96, 0.98, 0.99, 1.0]

The optimal value is 1664.4738123036623
A solution x of x >= 1 is
12728 [14, 14, 14, 0.33, 0.33, 0.33, 0.499, 0.05010000000000009, 0.05010000000000009, 0.05010000000000009, 0.22110000000000002, 0.22110000000000002, 0.22110000000000002, -0.020909774436090434, 0.0, -1111.0, 0.33, 0.34, 0.33, 0.34, 0.33, 0.34, 0.49, 0.499, -2222.0, 0.053221804511278004] 552442.5716665639
14921 [14, 42, 55, 0.33, 0.67, 0.99, 0.010000000000000009, -0.21109999999999995, 0.0033000000000000035, 0.006700000000000006, 0.22110000000000002, 0.22109999999999996, 0.00990000000000002, 0.10020760311229848, 1.0, -1111.0, 0.32, 0.33, 0.6599999999999999, 0.67, 0.99, 1.0, 0.0, 0.010000000000000009, -2222.0, -0.15136418891540226] 257218.30440367674
36530 [42, 42, 42, 0.67, 0.67, 0.67, 0.35, 0.2411, 0.2411, 0.2411, 0.22109999999999996, 0.22109999999999996, 0.22109999999999996, -1.002761109533, 1.0, -1111.0, 0.65, 0.67, 0.65, 0.67, 0.65, 0.67, 0.315, 0.35, -2222.0, -0.46386363636363637] 12583.444786459602
15006 [14, 43, 55, 0.33, 0.68, 0.99, 0.010000000000000009, -0.20439999999999994, 0.0033000000000000035, 0.0068000000000000066, 0.22110000000000002, 0.21759999999999996, 0.00990000000000002, 0.10020760311229848, 1.0, -1111.0, 0.32, 0.33, 0.67, 0.68, 0.99, 1.0, 0.0, 0.010000000000000009, -2222.0, -0.15136418891540226] 806.3020297092737
37409 [55, 55, 55, 0.99, 0.99, 0.99, 0.010000000000000009, 0.00990000000000001, 0.00990000000000001, 0.00990000000000001, 0.00990000000000002, 0.00990000000000002, 0.00990000000000002, 0.0, 4.0, -1111.0, 0.98, 0.99, 0.99, 1.0, 0.99, 1.0, 0.0, 0.010000000000000009, -2222.0, -0.009474874371859305] 176641.6322105038
--- 2546.1555902957916 seconds ---

target ratio:  1.46 , base:  20

configuration, posThreshold1:  0.33  posThreshold2:  1.1

splitting point:,  [0.0, 0.01, 0.05, 0.1, 0.2, 0.25, 0.3, 0.32, 0.33, 0.34, 0.35, 0.36, 0.38, 0.4, 0.42, 0.44, 0.46, 0.48, 0.5, 0.54, 0.55, 0.6, 0.65, 0.67, 0.68, 0.7, 0.8, 0.9, 0.95, 0.96, 0.98, 0.99, 1.0]

The optimal value is 9.039673174400791e-06
A solution x of x >= 1 is
37646 [134, 134, 134, 1.0, 1.0, 1.0, 0.010000000000000009, 0.010000000000000009, 0.010000000000000009, 0.010000000000000009, 0.0, 0.0, 0.0, 0.0, 0.0, -1111.0, 0.99, 1.0, 0.99, 1.0, 0.99, 1.0, 0.0, 0.010000000000000009, -2222.0, 0.0] 332551.88973216433
10 [1, 1, 1, 0.01, 0.01, 0.01, 1.0, 0.01990000000000003, 0.01990000000000003, 0.01990000000000003, 0.0099, 0.0099, 0.0099, 0.0, 0.0, -1111.0, 0.0, 0.01, 0.0, 0.01, 0.0, 0.01, 0.985, 1.0, -2222.0, 0.015605940594059405] 190492.51139578604
37639 [55, 55, 55, 0.99, 0.99, 0.99, 0.010000000000000009, 0.00990000000000001, 0.00990000000000001, 0.00990000000000001, 0.00990000000000002, 0.00990000000000002, 0.00990000000000002, 0.0, 4.0, -1111.0, 0.98, 0.99, 0.99, 1.0, 0.99, 1.0, 0.0, 0.010000000000000009, -2222.0, -0.009574874371859304] 103408.12741680187
1 [0, 0, 0, 0.0, 0.0, 0.0, 1.0, 0.0, 0.0, 0.0, 0.0, 0.0, 0.0, 0.0, 0.0, -1111.0, 0.0, 0.01, 0.0, 0.01, 0.0, 0.01, 0.985, 1.0, -2222.0, 0.015605940594059405] 78847.00515485057
689 [1, 55, 55, 0.01, 0.99, 0.99, 0.010000000000000009, 9.99999999999994e-05, 9.99999999999994e-05, 0.00990000000000001, 0.0099, 0.00990000000000002, 0.00990000000000002, 0.0, 4.0, -1111.0, 0.0, 0.01, 0.99, 1.0, 0.99, 1.0, 0.0, 0.010000000000000009, -2222.0, 0.005201980198019802] 62226.86762957621
686 [0, 55, 55, 0.0, 0.99, 0.99, 0.010000000000000009, 0.0, 0.0, 0.00990000000000001, 0.0, 0.00990000000000002, 0.00990000000000002, 0.0, 4.0, -1111.0, 0.0, 0.01, 0.99, 1.0, 0.99, 1.0, 0.0, 0.010000000000000009, -2222.0, 0.005201980198019802] 52271.150165749015
37641 [55, 55, 134, 0.99, 0.99, 1.0, 0.0, -0.00010000000000000018, 0.0, 0.0, 0.00990000000000002, 0.00990000000000002, 0.0, 0.0, 4.0, -1111.0, 0.98, 0.99, 0.99, 1.0, 0.99, 1.0, 0.0, 0.010000000000000009, -2222.0, -0.009574874371859304] 23781.14837104067
37642 [55, 55, 134, 0.99, 0.99, 1.0, 0.010000000000000009, 0.00990000000000001, 0.010000000000000009, 0.010000000000000009, 0.00990000000000002, 0.00990000000000002, 0.0, 0.0, 4.0, -1111.0, 0.98, 0.99, 0.99, 1.0, 0.99, 1.0, 0.0, 0.010000000000000009, -2222.0, -0.009574874371859304] 3253.5271827432493
37643 [55, 134, 134, 0.99, 1.0, 1.0, 0.0, 0.0, 0.0, 0.0, 0.00990000000000002, 0.0, 0.0, 0.0, 4.0, -1111.0, 0.98, 0.99, 0.99, 1.0, 0.99, 1.0, 0.0, 0.010000000000000009, -2222.0, -0.009574874371859304] 2551.242437165482
702 [1, 134, 134, 0.01, 1.0, 1.0, 0.010000000000000009, 0.010000000000000009, 0.010000000000000009, 0.010000000000000009, 0.0099, 0.0, 0.0, 0.0, 4.0, -1111.0, 0.0, 0.01, 0.99, 1.0, 0.99, 1.0, 0.0, 0.010000000000000009, -2222.0, 0.005201980198019802] 416.70794218598616
37645 [134, 134, 134, 1.0, 1.0, 1.0, 0.0, 0.0, 0.0, 0.0, 0.0, 0.0, 0.0, 0.0, 0.0, -1111.0, 0.99, 1.0, 0.99, 1.0, 0.99, 1.0, 0.0, 0.010000000000000009, -2222.0, 0.0] 280.8233060983481
--- 2364.936672925949 seconds ---

target ratio:  1.44 , base:  20

configuration, posThreshold1:  0.33  posThreshold2:  1.1

splitting point:,  [0.0, 0.01, 0.05, 0.1, 0.2, 0.25, 0.3, 0.32, 0.33, 0.34, 0.35, 0.36, 0.38, 0.4, 0.42, 0.44, 0.46, 0.48, 0.5, 0.54, 0.55, 0.6, 0.65, 0.67, 0.68, 0.7, 0.8, 0.9, 0.95, 0.96, 0.98, 0.99, 1.0]

The optimal value is 27805.332714063854
A solution x of x >= 1 is
12736 [14, 14, 14, 0.33, 0.33, 0.33, 0.499, 0.05010000000000009, 0.05010000000000009, 0.05010000000000009, 0.22110000000000002, 0.22110000000000002, 0.22110000000000002, 0.00620622986036512, 0.0, -1111.0, 0.33, 0.34, 0.33, 0.34, 0.33, 0.34, 0.49, 0.499, -2222.0, 0.06312180451127802] 529302.2123627806
14930 [14, 42, 55, 0.33, 0.67, 0.99, 0.010000000000000009, -0.21109999999999995, 0.0033000000000000035, 0.006700000000000006, 0.22110000000000002, 0.22109999999999996, 0.00990000000000002, 0.1386261350553455, 1.0, -1111.0, 0.32, 0.33, 0.6599999999999999, 0.67, 0.99, 1.0, 0.0, 0.010000000000000009, -2222.0, -0.14136418891540226] 292134.92964737775
36243 [42, 42, 42, 0.67, 0.67, 0.67, 0.35, 0.2411, 0.2411, 0.2411, 0.22109999999999996, 0.22109999999999996, 0.22109999999999996, -0.9445487669336652, 1.0, -1111.0, 0.65, 0.67, 0.65, 0.67, 0.65, 0.67, 0.315, 0.35, -2222.0, -0.4443636363636365] 16914.93514656137
37099 [55, 55, 55, 0.99, 0.99, 0.99, 0.010000000000000009, 0.00990000000000001, 0.00990000000000001, 0.00990000000000001, 0.00990000000000002, 0.00990000000000002, 0.00990000000000002, 0.0, 4.0, -1111.0, 0.98, 0.99, 0.99, 1.0, 0.99, 1.0, 0.0, 0.010000000000000009, -2222.0, -0.009374874371859304] 161646.5671107022
--- 1379.1271452903748 seconds ---

target ratio:  1.46 , base:  20

configuration, posThreshold1:  0.33  posThreshold2:  1.1

splitting point:,  [0.0, 0.01, 0.05, 0.1, 0.2, 0.25, 0.3, 0.32, 0.33, 0.34, 0.35, 0.36, 0.38, 0.4, 0.42, 0.44, 0.46, 0.48, 0.5, 0.54, 0.55, 0.6, 0.65, 0.67, 0.68, 0.7, 0.8, 0.9, 0.95, 0.96, 0.98, 0.99, 1.0]

The optimal value is 13403.522453160804
A solution x of x >= 1 is
13040 [14, 14, 14, 0.33, 0.33, 0.33, 0.499, 0.05010000000000009, 0.05010000000000009, 0.05010000000000009, 0.22110000000000002, 0.22110000000000002, 0.22110000000000002, -0.04903007518796998, 0.0, -1111.0, 0.33, 0.34, 0.33, 0.34, 0.33, 0.34, 0.49, 0.499, -2222.0, 0.043321804511277984] 316238.4573218751
13508 [14, 14, 40, 0.33, 0.33, 0.65, 0.33999999999999997, -0.10889999999999994, 0.10550000000000001, 0.10550000000000001, 0.22110000000000002, 0.22110000000000002, 0.22749999999999998, 0.1497383351283168, 1.0, -1111.0, 0.32, 0.33, 0.32, 0.33, 0.65, 0.66, 0.33999999999999997, 0.34049999999999997, -2222.0, -0.1322400091136935] 288323.11363811005
15290 [14, 40, 55, 0.33, 0.65, 0.99, 0.0050000000000000044, -0.22949999999999995, -0.001700000000000001, 0.0015000000000000018, 0.22110000000000002, 0.22749999999999998, 0.00990000000000002, 0.06029701455801595, 1.0, -1111.0, 0.32, 0.33, 0.65, 0.67, 0.98, 0.99, 0.0050000000000000044, 0.020000000000000018, -2222.0, -0.1635535499765337] 184308.4386999039
33887 [40, 40, 40, 0.65, 0.65, 0.65, 0.062499999999999924, -0.06000000000000006, -0.06000000000000006, -0.06000000000000006, 0.22749999999999998, 0.22749999999999998, 0.22749999999999998, -0.578749999999999, 0.0, -1111.0, 0.6, 0.65, 0.6, 0.65, 0.6, 0.65, 0.02499999999999991, 0.062499999999999924, -2222.0, -0.3780000000000001] 27111.869895367832
33885 [40, 40, 40, 0.65, 0.65, 0.65, 0.4, 0.2775, 0.2775, 0.2775, 0.22749999999999998, 0.22749999999999998, 0.22749999999999998, -0.7912375297315661, 1.0, -1111.0, 0.6, 0.65, 0.6, 0.65, 0.6, 0.65, 0.3625, 0.4, -2222.0, -0.3780000000000001] 12261.205911557441
15484 [14, 55, 55, 0.33, 0.99, 0.99, 0.010000000000000009, 0.0033000000000000035, 0.0033000000000000035, 0.00990000000000001, 0.22110000000000002, 0.00990000000000002, 0.00990000000000002, 0.0, 4.0, -1111.0, 0.32, 0.33, 0.99, 1.0, 0.99, 1.0, 0.0, 0.010000000000000009, -2222.0, 0.017648484848484858] 154436.49430266002
15483 [14, 55, 55, 0.33, 0.99, 0.99, 0.0, -0.006700000000000005, -0.006700000000000005, -0.00010000000000000018, 0.22110000000000002, 0.00990000000000002, 0.00990000000000002, 0.0, 4.0, -1111.0, 0.32, 0.33, 0.99, 1.0, 0.99, 1.0, 0.0, 0.010000000000000009, -2222.0, 0.017648484848484858] 16598.323311862907
13033 [13, 55, 55, 0.32, 0.99, 0.99, 0.010000000000000009, 0.003200000000000003, 0.003200000000000003, 0.00990000000000001, 0.21760000000000002, 0.00990000000000002, 0.00990000000000002, 0.0, 4.0, -1111.0, 0.3, 0.32, 0.99, 1.0, 0.99, 1.0, 0.0, 0.010000000000000009, -2222.0, 0.023538461538461508] 408.5183561748977
--- 2698.67942070961 seconds ---
